WP_063852655	669	NZ_CP013621_SCCmec_00009	668	2	669	1	668	668	668	100.00	0.0
WP_063852655	669	NZ_CP013182_SCCmec_00009	668	2	669	1	668	668	668	100.00	0.0
WP_063852655	669	NZ_CP007659_SCCmec_00009	668	2	669	1	668	668	668	100.00	0.0
WP_063852655	669	NZ_CP007499_SCCmec_00010	668	2	669	1	668	668	668	100.00	0.0
WP_063852655	669	NC_022443_SCCmec_00009	668	2	669	1	668	668	668	100.00	0.0
WP_063852655	669	NC_017763_SCCmec_00009	668	2	669	1	668	668	668	100.00	0.0
WP_063852655	669	NC_017351_SCCmec_00009	668	2	669	1	668	668	668	100.00	0.0
WP_063852655	669	NC_002951_SCCmec_00010	668	2	669	1	668	668	668	100.00	0.0
WP_063852655	669	HE681097_SCCmec_00009	668	2	669	1	668	668	668	100.00	0.0
WP_063852655	669	CP013621_SCCmec_00009	668	2	669	1	668	668	668	100.00	0.0
WP_063852655	669	CP013182_SCCmec_00009	668	2	669	1	668	668	668	100.00	0.0
WP_063852655	669	CP007659_SCCmec_00009	668	2	669	1	668	668	668	100.00	0.0
WP_063852655	669	CP007499_SCCmec_00010	668	2	669	1	668	668	668	100.00	0.0
WP_063852655	669	CP003604_SCCmec_00009	668	2	669	1	668	668	668	100.00	0.0
WP_063852655	669	CP003194_SCCmec_00009	668	2	669	1	668	668	668	100.00	0.0
WP_063852655	669	CP000046_SCCmec_00010	668	2	669	1	668	668	668	100.00	0.0
WP_063852655	669	AF411935_SCCmec_00008	668	2	669	1	668	668	668	100.00	0.0
WP_063852655	669	AB505630_SCCmec_00009	668	2	669	1	668	668	668	100.00	0.0
WP_063852655	669	AB373032_SCCmec_00028	668	2	669	1	668	668	668	100.00	0.0
WP_063852655	669	NZ_CP010402_SCCmec_00009	668	2	669	1	668	668	667	99.85	0.0
WP_063852655	669	CP010402_SCCmec_00009	668	2	669	1	668	668	667	99.85	0.0
WP_063852655	669	NZ_CP019945_SCCmec_00049	668	2	669	1	668	668	667	99.85	0.0
WP_063852655	669	CP019945_SCCmec_00049	668	2	669	1	668	668	667	99.85	0.0
WP_063852655	669	CP015447_SCCmec_00053	668	2	669	1	668	668	667	99.85	0.0
WP_063852655	669	NZ_CP019563_SCCmec_00014	668	2	669	1	668	668	667	99.85	0.0
WP_063852655	669	NZ_CP018768_SCCmec_00031	668	2	669	1	668	668	667	99.85	0.0
WP_063852655	669	NZ_CP018766_SCCmec_00044	668	2	669	1	668	668	667	99.85	0.0
WP_063852655	669	NZ_CP014444_SCCmec_00008	668	2	669	1	668	668	667	99.85	0.0
WP_063852655	669	NZ_CP014441_SCCmec_00008	668	2	669	1	668	668	667	99.85	0.0
WP_063852655	669	NZ_CP014438_SCCmec_00008	668	2	669	1	668	668	667	99.85	0.0
WP_063852655	669	NZ_CP014435_SCCmec_00008	668	2	669	1	668	668	667	99.85	0.0
WP_063852655	669	NZ_CP014432_SCCmec_00008	668	2	669	1	668	668	667	99.85	0.0
WP_063852655	669	NZ_CP014429_SCCmec_00008	668	2	669	1	668	668	667	99.85	0.0
WP_063852655	669	NZ_CP014426_SCCmec_00008	668	2	669	1	668	668	667	99.85	0.0
WP_063852655	669	NZ_CP014423_SCCmec_00008	668	2	669	1	668	668	667	99.85	0.0
WP_063852655	669	NZ_CP014420_SCCmec_00008	668	2	669	1	668	668	667	99.85	0.0
WP_063852655	669	NZ_CP014415_SCCmec_00008	668	2	669	1	668	668	667	99.85	0.0
WP_063852655	669	NZ_CP014412_SCCmec_00008	668	2	669	1	668	668	667	99.85	0.0
WP_063852655	669	NZ_CP014409_SCCmec_00008	668	2	669	1	668	668	667	99.85	0.0
WP_063852655	669	NZ_CP014407_SCCmec_00008	668	2	669	1	668	668	667	99.85	0.0
WP_063852655	669	NZ_CP014402_SCCmec_00008	668	2	669	1	668	668	667	99.85	0.0
WP_063852655	669	NZ_CP014397_SCCmec_00008	668	2	669	1	668	668	667	99.85	0.0
WP_063852655	669	NZ_CP014392_SCCmec_00008	668	2	669	1	668	668	667	99.85	0.0
WP_063852655	669	NZ_CP013955_SCCmec_00016	668	2	669	1	668	668	667	99.85	0.0
WP_063852655	669	NZ_CP013953_SCCmec_00016	668	2	669	1	668	668	667	99.85	0.0
WP_063852655	669	NZ_CP012120_SCCmec_00008	668	2	669	1	668	668	667	99.85	0.0
WP_063852655	669	NZ_CP012119_SCCmec_00008	668	2	669	1	668	668	667	99.85	0.0
WP_063852655	669	NZ_CP011685_SCCmec_00016	668	2	669	1	668	668	667	99.85	0.0
WP_063852655	669	NZ_CP011147_SCCmec_00007	668	2	669	1	668	668	667	99.85	0.0
WP_063852655	669	NZ_CP010998_SCCmec_00013	668	2	669	1	668	668	667	99.85	0.0
WP_063852655	669	NZ_CP010300_SCCmec_00008	668	2	669	1	668	668	667	99.85	0.0
WP_063852655	669	NZ_CP010299_SCCmec_00008	668	2	669	1	668	668	667	99.85	0.0
WP_063852655	669	NZ_CP010298_SCCmec_00008	668	2	669	1	668	668	667	99.85	0.0
WP_063852655	669	NZ_CP010297_SCCmec_00008	668	2	669	1	668	668	667	99.85	0.0
WP_063852655	669	NZ_CP010296_SCCmec_00008	668	2	669	1	668	668	667	99.85	0.0
WP_063852655	669	NZ_CP010295_SCCmec_00008	668	2	669	1	668	668	667	99.85	0.0
WP_063852655	669	NZ_CP009423_SCCmec_00008	668	2	669	1	668	668	667	99.85	0.0
WP_063852655	669	NZ_CP007690_SCCmec_00008	668	2	669	1	668	668	667	99.85	0.0
WP_063852655	669	NZ_CP007676_SCCmec_00009	668	2	669	1	668	668	667	99.85	0.0
WP_063852655	669	NZ_CP007674_SCCmec_00013	668	2	669	1	668	668	667	99.85	0.0
WP_063852655	669	NZ_CP007672_SCCmec_00010	668	2	669	1	668	668	667	99.85	0.0
WP_063852655	669	NZ_CP007670_SCCmec_00009	668	2	669	1	668	668	667	99.85	0.0
WP_063852655	669	NZ_CP007657_SCCmec_00010	668	2	669	1	668	668	667	99.85	0.0
WP_063852655	669	NZ_CP007176_SCCmec_00008	668	2	669	1	668	668	667	99.85	0.0
WP_063852655	669	NZ_CP006630_SCCmec_00019	668	2	669	1	668	668	667	99.85	0.0
WP_063852655	669	NZ_AP017320_SCCmec_00014	668	2	669	1	668	668	667	99.85	0.0
WP_063852655	669	NZ_AP014653_SCCmec_00014	668	2	669	1	668	668	667	99.85	0.0
WP_063852655	669	NZ_AP014652_SCCmec_00014	668	2	669	1	668	668	667	99.85	0.0
WP_063852655	669	NC_022226_SCCmec_00014	668	2	669	1	668	668	667	99.85	0.0
WP_063852655	669	NC_021554_SCCmec_00014	668	2	669	1	668	668	667	99.85	0.0
WP_063852655	669	NC_021059_SCCmec_00044	668	2	669	1	668	668	667	99.85	0.0
WP_063852655	669	NC_017342_SCCmec_00009	668	2	669	1	668	668	667	99.85	0.0
WP_063852655	669	NC_017341_SCCmec_00017	668	2	669	1	668	668	667	99.85	0.0
WP_063852655	669	NC_017340_SCCmec_00014	668	2	669	1	668	668	667	99.85	0.0
WP_063852655	669	NC_017338_SCCmec_00009	668	2	669	1	668	668	667	99.85	0.0
WP_063852655	669	NC_010079_SCCmec_00008	668	2	669	1	668	668	667	99.85	0.0
WP_063852655	669	NC_009782_SCCmec_00016	668	2	669	1	668	668	667	99.85	0.0
WP_063852655	669	NC_009632_SCCmec_00007	668	2	669	1	668	668	667	99.85	0.0
WP_063852655	669	NC_009487_SCCmec_00007	668	2	669	1	668	668	667	99.85	0.0
WP_063852655	669	NC_007793_SCCmec_00008	668	2	669	1	668	668	667	99.85	0.0
WP_063852655	669	NC_003923_SCCmec_00009	668	2	669	1	668	668	667	99.85	0.0
WP_063852655	669	NC_002952_SCCmec_00016	668	2	669	1	668	668	667	99.85	0.0
WP_063852655	669	NC_002758_SCCmec_00016	668	2	669	1	668	668	667	99.85	0.0
WP_063852655	669	NC_002745_SCCmec_00016	668	2	669	1	668	668	667	99.85	0.0
WP_063852655	669	HF937103_SCCmec_00044	668	2	669	1	668	668	667	99.85	0.0
WP_063852655	669	FJ670542_SCCmec_00010	668	2	669	1	668	668	667	99.85	0.0
WP_063852655	669	CP020619_SCCmec_00008	668	2	669	1	668	668	667	99.85	0.0
WP_063852655	669	CP019590_SCCmec_00008	668	2	669	1	668	668	667	99.85	0.0
WP_063852655	669	CP019563_SCCmec_00014	668	2	669	1	668	668	667	99.85	0.0
WP_063852655	669	CP018768_SCCmec_00031	668	2	669	1	668	668	667	99.85	0.0
WP_063852655	669	CP018766_SCCmec_00044	668	2	669	1	668	668	667	99.85	0.0
WP_063852655	669	CP016861_SCCmec_00008	668	2	669	1	668	668	667	99.85	0.0
WP_063852655	669	CP016858_SCCmec_00008	668	2	669	1	668	668	667	99.85	0.0
WP_063852655	669	CP014444_SCCmec_00008	668	2	669	1	668	668	667	99.85	0.0
WP_063852655	669	CP014441_SCCmec_00008	668	2	669	1	668	668	667	99.85	0.0
WP_063852655	669	CP014438_SCCmec_00008	668	2	669	1	668	668	667	99.85	0.0
WP_063852655	669	CP014435_SCCmec_00008	668	2	669	1	668	668	667	99.85	0.0
WP_063852655	669	CP014432_SCCmec_00008	668	2	669	1	668	668	667	99.85	0.0
WP_063852655	669	CP014429_SCCmec_00008	668	2	669	1	668	668	667	99.85	0.0
WP_063852655	669	CP014426_SCCmec_00008	668	2	669	1	668	668	667	99.85	0.0
WP_063852655	669	CP014423_SCCmec_00008	668	2	669	1	668	668	667	99.85	0.0
WP_063852655	669	CP014420_SCCmec_00008	668	2	669	1	668	668	667	99.85	0.0
WP_063852655	669	CP014415_SCCmec_00008	668	2	669	1	668	668	667	99.85	0.0
WP_063852655	669	CP014412_SCCmec_00008	668	2	669	1	668	668	667	99.85	0.0
WP_063852655	669	CP014409_SCCmec_00008	668	2	669	1	668	668	667	99.85	0.0
WP_063852655	669	CP014407_SCCmec_00008	668	2	669	1	668	668	667	99.85	0.0
WP_063852655	669	CP014402_SCCmec_00008	668	2	669	1	668	668	667	99.85	0.0
WP_063852655	669	CP014397_SCCmec_00008	668	2	669	1	668	668	667	99.85	0.0
WP_063852655	669	CP014392_SCCmec_00008	668	2	669	1	668	668	667	99.85	0.0
WP_063852655	669	CP014387_SCCmec_00008	668	2	669	1	668	668	667	99.85	0.0
WP_063852655	669	CP014384_SCCmec_00008	668	2	669	1	668	668	667	99.85	0.0
WP_063852655	669	CP014381_SCCmec_00008	668	2	669	1	668	668	667	99.85	0.0
WP_063852655	669	CP014376_SCCmec_00008	668	2	669	1	668	668	667	99.85	0.0
WP_063852655	669	CP014371_SCCmec_00008	668	2	669	1	668	668	667	99.85	0.0
WP_063852655	669	CP014368_SCCmec_00008	668	2	669	1	668	668	667	99.85	0.0
WP_063852655	669	CP014365_SCCmec_00008	668	2	669	1	668	668	667	99.85	0.0
WP_063852655	669	CP014362_SCCmec_00008	668	2	669	1	668	668	667	99.85	0.0
WP_063852655	669	CP013955_SCCmec_00016	668	2	669	1	668	668	667	99.85	0.0
WP_063852655	669	CP013953_SCCmec_00016	668	2	669	1	668	668	667	99.85	0.0
WP_063852655	669	CP012120_SCCmec_00008	668	2	669	1	668	668	667	99.85	0.0
WP_063852655	669	CP012119_SCCmec_00008	668	2	669	1	668	668	667	99.85	0.0
WP_063852655	669	CP011685_SCCmec_00016	668	2	669	1	668	668	667	99.85	0.0
WP_063852655	669	CP011147_SCCmec_00007	668	2	669	1	668	668	667	99.85	0.0
WP_063852655	669	CP010998_SCCmec_00013	668	2	669	1	668	668	667	99.85	0.0
WP_063852655	669	CP010300_SCCmec_00008	668	2	669	1	668	668	667	99.85	0.0
WP_063852655	669	CP010299_SCCmec_00008	668	2	669	1	668	668	667	99.85	0.0
WP_063852655	669	CP010298_SCCmec_00008	668	2	669	1	668	668	667	99.85	0.0
WP_063852655	669	CP010297_SCCmec_00008	668	2	669	1	668	668	667	99.85	0.0
WP_063852655	669	CP010296_SCCmec_00008	668	2	669	1	668	668	667	99.85	0.0
WP_063852655	669	CP010295_SCCmec_00008	668	2	669	1	668	668	667	99.85	0.0
WP_063852655	669	CP009423_SCCmec_00008	668	2	669	1	668	668	667	99.85	0.0
WP_063852655	669	CP007690_SCCmec_00008	668	2	669	1	668	668	667	99.85	0.0
WP_063852655	669	CP007676_SCCmec_00009	668	2	669	1	668	668	667	99.85	0.0
WP_063852655	669	CP007674_SCCmec_00013	668	2	669	1	668	668	667	99.85	0.0
WP_063852655	669	CP007672_SCCmec_00010	668	2	669	1	668	668	667	99.85	0.0
WP_063852655	669	CP007670_SCCmec_00009	668	2	669	1	668	668	667	99.85	0.0
WP_063852655	669	CP007657_SCCmec_00010	668	2	669	1	668	668	667	99.85	0.0
WP_063852655	669	CP007176_SCCmec_00008	668	2	669	1	668	668	667	99.85	0.0
WP_063852655	669	CP006630_SCCmec_00019	668	2	669	1	668	668	667	99.85	0.0
WP_063852655	669	CP006044_SCCmec_00014	668	2	669	1	668	668	667	99.85	0.0
WP_063852655	669	CP003979_SCCmec_00014	668	2	669	1	668	668	667	99.85	0.0
WP_063852655	669	CP002120_SCCmec_00017	668	2	669	1	668	668	667	99.85	0.0
WP_063852655	669	CP002114_SCCmec_00009	668	2	669	1	668	668	667	99.85	0.0
WP_063852655	669	CP002110_SCCmec_00009	668	2	669	1	668	668	667	99.85	0.0
WP_063852655	669	CP001844_SCCmec_00014	668	2	669	1	668	668	667	99.85	0.0
WP_063852655	669	CP000736_SCCmec_00007	668	2	669	1	668	668	667	99.85	0.0
WP_063852655	669	CP000730_SCCmec_00008	668	2	669	1	668	668	667	99.85	0.0
WP_063852655	669	CP000703_SCCmec_00007	668	2	669	1	668	668	667	99.85	0.0
WP_063852655	669	CP000255_SCCmec_00008	668	2	669	1	668	668	667	99.85	0.0
WP_063852655	669	BX571856_SCCmec_00016	668	2	669	1	668	668	667	99.85	0.0
WP_063852655	669	BA000033_SCCmec_00009	668	2	669	1	668	668	667	99.85	0.0
WP_063852655	669	BA000018_SCCmec_00016	668	2	669	1	668	668	667	99.85	0.0
WP_063852655	669	BA000017_SCCmec_00016	668	2	669	1	668	668	667	99.85	0.0
WP_063852655	669	AP017377_SCCmec_00009	668	2	669	1	668	668	667	99.85	0.0
WP_063852655	669	AP017320_SCCmec_00014	668	2	669	1	668	668	667	99.85	0.0
WP_063852655	669	AP014653_SCCmec_00014	668	2	669	1	668	668	667	99.85	0.0
WP_063852655	669	AP014652_SCCmec_00014	668	2	669	1	668	668	667	99.85	0.0
WP_063852655	669	AP009324_SCCmec_00016	668	2	669	1	668	668	667	99.85	0.0
WP_063852655	669	AB505628_SCCmec_00026	668	2	669	1	668	668	667	99.85	0.0
WP_063852655	669	NZ_CP013957_SCCmec_00049	668	2	669	1	668	668	666	99.70	0.0
WP_063852655	669	NZ_CP012692_SCCmec_00008	668	2	669	1	668	668	666	99.70	0.0
WP_063852655	669	NZ_CP012018_SCCmec_00043	668	2	669	1	668	668	666	99.70	0.0
WP_063852655	669	NZ_CP012015_SCCmec_00044	668	2	669	1	668	668	666	99.70	0.0
WP_063852655	669	NZ_CP012013_SCCmec_00042	668	2	669	1	668	668	666	99.70	0.0
WP_063852655	669	NZ_CP012012_SCCmec_00043	668	2	669	1	668	668	666	99.70	0.0
WP_063852655	669	NZ_CP012011_SCCmec_00045	668	2	669	1	668	668	666	99.70	0.0
WP_063852655	669	NZ_CP009681_SCCmec_00046	668	2	669	1	668	668	666	99.70	0.0
WP_063852655	669	NC_022604_SCCmec_00050	668	2	669	1	668	668	666	99.70	0.0
WP_063852655	669	NC_021670_SCCmec_00043	668	2	669	1	668	668	666	99.70	0.0
WP_063852655	669	NC_017331_SCCmec_00052	668	2	669	1	668	668	666	99.70	0.0
WP_063852655	669	FN433596_SCCmec_00052	668	2	669	1	668	668	666	99.70	0.0
WP_063852655	669	CP013959_SCCmec_00049	668	2	669	1	668	668	666	99.70	0.0
WP_063852655	669	CP013957_SCCmec_00049	668	2	669	1	668	668	666	99.70	0.0
WP_063852655	669	CP012692_SCCmec_00008	668	2	669	1	668	668	666	99.70	0.0
WP_063852655	669	CP012018_SCCmec_00043	668	2	669	1	668	668	666	99.70	0.0
WP_063852655	669	CP012015_SCCmec_00044	668	2	669	1	668	668	666	99.70	0.0
WP_063852655	669	CP012013_SCCmec_00042	668	2	669	1	668	668	666	99.70	0.0
WP_063852655	669	CP012012_SCCmec_00043	668	2	669	1	668	668	666	99.70	0.0
WP_063852655	669	CP012011_SCCmec_00045	668	2	669	1	668	668	666	99.70	0.0
WP_063852655	669	CP009681_SCCmec_00046	668	2	669	1	668	668	666	99.70	0.0
WP_063852655	669	CP006838_SCCmec_00050	668	2	669	1	668	668	666	99.70	0.0
WP_063852655	669	CP005288_SCCmec_00043	668	2	669	1	668	668	666	99.70	0.0
WP_063852655	669	NZ_CP020019_SCCmec_00018	668	2	669	1	668	668	666	99.70	0.0
WP_063852655	669	NZ_CP015173_SCCmec_00018	668	2	669	1	668	668	666	99.70	0.0
WP_063852655	669	NZ_CP013619_SCCmec_00018	668	2	669	1	668	668	666	99.70	0.0
WP_063852655	669	NZ_CP013616_SCCmec_00017	668	2	669	1	668	668	666	99.70	0.0
WP_063852655	669	NZ_CP013218_SCCmec_00018	668	2	669	1	668	668	666	99.70	0.0
WP_063852655	669	NZ_CP012756_SCCmec_00011	668	2	669	1	668	668	666	99.70	0.0
WP_063852655	669	NZ_CP010526_SCCmec_00004	668	2	669	1	668	668	666	99.70	0.0
WP_063852655	669	NZ_CP009828_SCCmec_00018	668	2	669	1	668	668	666	99.70	0.0
WP_063852655	669	NC_022442_SCCmec_00018	668	2	669	1	668	668	666	99.70	0.0
WP_063852655	669	NC_020568_SCCmec_00007	668	2	669	1	668	668	666	99.70	0.0
WP_063852655	669	NC_020566_SCCmec_00007	668	2	669	1	668	668	666	99.70	0.0
WP_063852655	669	NC_020564_SCCmec_00007	668	2	669	1	668	668	666	99.70	0.0
WP_063852655	669	NC_020537_SCCmec_00007	668	2	669	1	668	668	666	99.70	0.0
WP_063852655	669	NC_020536_SCCmec_00007	668	2	669	1	668	668	666	99.70	0.0
WP_063852655	669	NC_020533_SCCmec_00007	668	2	669	1	668	668	666	99.70	0.0
WP_063852655	669	NC_020532_SCCmec_00007	668	2	669	1	668	668	666	99.70	0.0
WP_063852655	669	NC_020529_SCCmec_00007	668	2	669	1	668	668	666	99.70	0.0
WP_063852655	669	NC_018608_SCCmec_00010	668	2	669	1	668	668	666	99.70	0.0
WP_063852655	669	NC_017333_SCCmec_00018	668	2	669	1	668	668	666	99.70	0.0
WP_063852655	669	NC_016928_SCCmec_00019	668	2	669	1	668	668	666	99.70	0.0
WP_063852655	669	HE579073_SCCmec_00007	668	2	669	1	668	668	666	99.70	0.0
WP_063852655	669	HE579071_SCCmec_00007	668	2	669	1	668	668	666	99.70	0.0
WP_063852655	669	HE579069_SCCmec_00007	668	2	669	1	668	668	666	99.70	0.0
WP_063852655	669	HE579067_SCCmec_00007	668	2	669	1	668	668	666	99.70	0.0
WP_063852655	669	HE579065_SCCmec_00007	668	2	669	1	668	668	666	99.70	0.0
WP_063852655	669	HE579063_SCCmec_00007	668	2	669	1	668	668	666	99.70	0.0
WP_063852655	669	HE579061_SCCmec_00007	668	2	669	1	668	668	666	99.70	0.0
WP_063852655	669	HE579059_SCCmec_00007	668	2	669	1	668	668	666	99.70	0.0
WP_063852655	669	CP020019_SCCmec_00018	668	2	669	1	668	668	666	99.70	0.0
WP_063852655	669	CP019592_SCCmec_00036	668	2	669	1	668	668	666	99.70	0.0
WP_063852655	669	CP019592_SCCmec_00018	668	2	669	1	668	668	666	99.70	0.0
WP_063852655	669	CP015173_SCCmec_00018	668	2	669	1	668	668	666	99.70	0.0
WP_063852655	669	CP013619_SCCmec_00018	668	2	669	1	668	668	666	99.70	0.0
WP_063852655	669	CP013616_SCCmec_00017	668	2	669	1	668	668	666	99.70	0.0
WP_063852655	669	CP013218_SCCmec_00018	668	2	669	1	668	668	666	99.70	0.0
WP_063852655	669	CP012756_SCCmec_00011	668	2	669	1	668	668	666	99.70	0.0
WP_063852655	669	CP010526_SCCmec_00004	668	2	669	1	668	668	666	99.70	0.0
WP_063852655	669	CP009828_SCCmec_00018	668	2	669	1	668	668	666	99.70	0.0
WP_063852655	669	CP003808_SCCmec_00010	668	2	669	1	668	668	666	99.70	0.0
WP_063852655	669	CP003603_SCCmec_00018	668	2	669	1	668	668	666	99.70	0.0
WP_063852655	669	CP003166_SCCmec_00019	668	2	669	1	668	668	666	99.70	0.0
WP_063852655	669	AM990992_SCCmec_00018	668	2	669	1	668	668	666	99.70	0.0
WP_063852655	669	AB512767_SCCmec_00018	668	2	669	1	668	668	666	99.70	0.0
WP_063852655	669	CP007447_SCCmec_00020	668	2	669	1	668	668	665	99.55	0.0
WP_063852655	669	NZ_CP007539_SCCmec_00010	547	123	669	1	547	547	547	100.00	0.0
WP_063852655	669	CP007539_SCCmec_00010	547	123	669	1	547	547	547	100.00	0.0
WP_063852655	669	NC_017349_SCCmec_00003	658	27	669	16	658	643	413	64.23	0.0
WP_063852655	669	FR821779_SCCmec_00003	658	27	669	16	658	643	413	64.23	0.0
WP_063852655	669	NZ_CP007539_SCCmec_00011	94	2	88	1	87	87	87	100.00	2e-41
WP_063852655	669	CP007539_SCCmec_00011	94	2	88	1	87	87	87	100.00	2e-41
WP_063852655	669	NC_017351_SCCmec_00020	591	401	492	392	472	92	27	29.35	0.006
WP_063852655	669	CP003194_SCCmec_00020	591	401	492	392	472	92	27	29.35	0.006
WP_012655867	674	NZ_CP019945_SCCmec_00049	668	19	673	21	667	656	343	52.29	0.0
WP_012655867	674	CP019945_SCCmec_00049	668	19	673	21	667	656	343	52.29	0.0
WP_012655867	674	NZ_CP013621_SCCmec_00009	668	19	673	21	667	656	343	52.29	0.0
WP_012655867	674	NZ_CP013182_SCCmec_00009	668	19	673	21	667	656	343	52.29	0.0
WP_012655867	674	NZ_CP007659_SCCmec_00009	668	19	673	21	667	656	343	52.29	0.0
WP_012655867	674	NZ_CP007499_SCCmec_00010	668	19	673	21	667	656	343	52.29	0.0
WP_012655867	674	NC_022443_SCCmec_00009	668	19	673	21	667	656	343	52.29	0.0
WP_012655867	674	NC_017763_SCCmec_00009	668	19	673	21	667	656	343	52.29	0.0
WP_012655867	674	NC_017351_SCCmec_00009	668	19	673	21	667	656	343	52.29	0.0
WP_012655867	674	NC_002951_SCCmec_00010	668	19	673	21	667	656	343	52.29	0.0
WP_012655867	674	HE681097_SCCmec_00009	668	19	673	21	667	656	343	52.29	0.0
WP_012655867	674	CP015447_SCCmec_00053	668	19	673	21	667	656	343	52.29	0.0
WP_012655867	674	CP013621_SCCmec_00009	668	19	673	21	667	656	343	52.29	0.0
WP_012655867	674	CP013182_SCCmec_00009	668	19	673	21	667	656	343	52.29	0.0
WP_012655867	674	CP007659_SCCmec_00009	668	19	673	21	667	656	343	52.29	0.0
WP_012655867	674	CP007499_SCCmec_00010	668	19	673	21	667	656	343	52.29	0.0
WP_012655867	674	CP007447_SCCmec_00020	668	19	673	21	667	656	343	52.29	0.0
WP_012655867	674	CP003604_SCCmec_00009	668	19	673	21	667	656	343	52.29	0.0
WP_012655867	674	CP003194_SCCmec_00009	668	19	673	21	667	656	343	52.29	0.0
WP_012655867	674	CP000046_SCCmec_00010	668	19	673	21	667	656	343	52.29	0.0
WP_012655867	674	AF411935_SCCmec_00008	668	19	673	21	667	656	343	52.29	0.0
WP_012655867	674	AB505630_SCCmec_00009	668	19	673	21	667	656	343	52.29	0.0
WP_012655867	674	AB373032_SCCmec_00028	668	19	673	21	667	656	343	52.29	0.0
WP_012655867	674	NZ_CP020019_SCCmec_00018	668	19	673	21	667	656	343	52.29	0.0
WP_012655867	674	NZ_CP015173_SCCmec_00018	668	19	673	21	667	656	343	52.29	0.0
WP_012655867	674	NZ_CP013619_SCCmec_00018	668	19	673	21	667	656	343	52.29	0.0
WP_012655867	674	NZ_CP013616_SCCmec_00017	668	19	673	21	667	656	343	52.29	0.0
WP_012655867	674	NZ_CP013218_SCCmec_00018	668	19	673	21	667	656	343	52.29	0.0
WP_012655867	674	NZ_CP012756_SCCmec_00011	668	19	673	21	667	656	343	52.29	0.0
WP_012655867	674	NZ_CP010526_SCCmec_00004	668	19	673	21	667	656	343	52.29	0.0
WP_012655867	674	NZ_CP009828_SCCmec_00018	668	19	673	21	667	656	343	52.29	0.0
WP_012655867	674	NC_022442_SCCmec_00018	668	19	673	21	667	656	343	52.29	0.0
WP_012655867	674	NC_018608_SCCmec_00010	668	19	673	21	667	656	343	52.29	0.0
WP_012655867	674	NC_017333_SCCmec_00018	668	19	673	21	667	656	343	52.29	0.0
WP_012655867	674	NC_016928_SCCmec_00019	668	19	673	21	667	656	343	52.29	0.0
WP_012655867	674	CP020019_SCCmec_00018	668	19	673	21	667	656	343	52.29	0.0
WP_012655867	674	CP019592_SCCmec_00036	668	19	673	21	667	656	343	52.29	0.0
WP_012655867	674	CP019592_SCCmec_00018	668	19	673	21	667	656	343	52.29	0.0
WP_012655867	674	CP015173_SCCmec_00018	668	19	673	21	667	656	343	52.29	0.0
WP_012655867	674	CP013619_SCCmec_00018	668	19	673	21	667	656	343	52.29	0.0
WP_012655867	674	CP013616_SCCmec_00017	668	19	673	21	667	656	343	52.29	0.0
WP_012655867	674	CP013218_SCCmec_00018	668	19	673	21	667	656	343	52.29	0.0
WP_012655867	674	CP012756_SCCmec_00011	668	19	673	21	667	656	343	52.29	0.0
WP_012655867	674	CP010526_SCCmec_00004	668	19	673	21	667	656	343	52.29	0.0
WP_012655867	674	CP009828_SCCmec_00018	668	19	673	21	667	656	343	52.29	0.0
WP_012655867	674	CP003808_SCCmec_00010	668	19	673	21	667	656	343	52.29	0.0
WP_012655867	674	CP003603_SCCmec_00018	668	19	673	21	667	656	343	52.29	0.0
WP_012655867	674	CP003166_SCCmec_00019	668	19	673	21	667	656	343	52.29	0.0
WP_012655867	674	AM990992_SCCmec_00018	668	19	673	21	667	656	343	52.29	0.0
WP_012655867	674	AB512767_SCCmec_00018	668	19	673	21	667	656	343	52.29	0.0
WP_012655867	674	NZ_CP013957_SCCmec_00049	668	19	673	21	667	656	343	52.29	0.0
WP_012655867	674	NZ_CP012018_SCCmec_00043	668	19	673	21	667	656	343	52.29	0.0
WP_012655867	674	NZ_CP012015_SCCmec_00044	668	19	673	21	667	656	343	52.29	0.0
WP_012655867	674	NZ_CP012013_SCCmec_00042	668	19	673	21	667	656	343	52.29	0.0
WP_012655867	674	NZ_CP012012_SCCmec_00043	668	19	673	21	667	656	343	52.29	0.0
WP_012655867	674	NZ_CP012011_SCCmec_00045	668	19	673	21	667	656	343	52.29	0.0
WP_012655867	674	NZ_CP009681_SCCmec_00046	668	19	673	21	667	656	343	52.29	0.0
WP_012655867	674	NC_022604_SCCmec_00050	668	19	673	21	667	656	343	52.29	0.0
WP_012655867	674	NC_021670_SCCmec_00043	668	19	673	21	667	656	343	52.29	0.0
WP_012655867	674	NC_017331_SCCmec_00052	668	19	673	21	667	656	343	52.29	0.0
WP_012655867	674	FN433596_SCCmec_00052	668	19	673	21	667	656	343	52.29	0.0
WP_012655867	674	CP013959_SCCmec_00049	668	19	673	21	667	656	343	52.29	0.0
WP_012655867	674	CP013957_SCCmec_00049	668	19	673	21	667	656	343	52.29	0.0
WP_012655867	674	CP012018_SCCmec_00043	668	19	673	21	667	656	343	52.29	0.0
WP_012655867	674	CP012015_SCCmec_00044	668	19	673	21	667	656	343	52.29	0.0
WP_012655867	674	CP012013_SCCmec_00042	668	19	673	21	667	656	343	52.29	0.0
WP_012655867	674	CP012012_SCCmec_00043	668	19	673	21	667	656	343	52.29	0.0
WP_012655867	674	CP012011_SCCmec_00045	668	19	673	21	667	656	343	52.29	0.0
WP_012655867	674	CP009681_SCCmec_00046	668	19	673	21	667	656	343	52.29	0.0
WP_012655867	674	CP006838_SCCmec_00050	668	19	673	21	667	656	343	52.29	0.0
WP_012655867	674	CP005288_SCCmec_00043	668	19	673	21	667	656	343	52.29	0.0
WP_012655867	674	NZ_CP019563_SCCmec_00014	668	19	673	21	667	656	343	52.29	0.0
WP_012655867	674	NZ_CP018768_SCCmec_00031	668	19	673	21	667	656	343	52.29	0.0
WP_012655867	674	NZ_CP018766_SCCmec_00044	668	19	673	21	667	656	343	52.29	0.0
WP_012655867	674	NZ_CP014444_SCCmec_00008	668	19	673	21	667	656	343	52.29	0.0
WP_012655867	674	NZ_CP014441_SCCmec_00008	668	19	673	21	667	656	343	52.29	0.0
WP_012655867	674	NZ_CP014438_SCCmec_00008	668	19	673	21	667	656	343	52.29	0.0
WP_012655867	674	NZ_CP014435_SCCmec_00008	668	19	673	21	667	656	343	52.29	0.0
WP_012655867	674	NZ_CP014432_SCCmec_00008	668	19	673	21	667	656	343	52.29	0.0
WP_012655867	674	NZ_CP014429_SCCmec_00008	668	19	673	21	667	656	343	52.29	0.0
WP_012655867	674	NZ_CP014426_SCCmec_00008	668	19	673	21	667	656	343	52.29	0.0
WP_012655867	674	NZ_CP014423_SCCmec_00008	668	19	673	21	667	656	343	52.29	0.0
WP_012655867	674	NZ_CP014420_SCCmec_00008	668	19	673	21	667	656	343	52.29	0.0
WP_012655867	674	NZ_CP014415_SCCmec_00008	668	19	673	21	667	656	343	52.29	0.0
WP_012655867	674	NZ_CP014412_SCCmec_00008	668	19	673	21	667	656	343	52.29	0.0
WP_012655867	674	NZ_CP014409_SCCmec_00008	668	19	673	21	667	656	343	52.29	0.0
WP_012655867	674	NZ_CP014407_SCCmec_00008	668	19	673	21	667	656	343	52.29	0.0
WP_012655867	674	NZ_CP014402_SCCmec_00008	668	19	673	21	667	656	343	52.29	0.0
WP_012655867	674	NZ_CP014397_SCCmec_00008	668	19	673	21	667	656	343	52.29	0.0
WP_012655867	674	NZ_CP014392_SCCmec_00008	668	19	673	21	667	656	343	52.29	0.0
WP_012655867	674	NZ_CP013955_SCCmec_00016	668	19	673	21	667	656	343	52.29	0.0
WP_012655867	674	NZ_CP013953_SCCmec_00016	668	19	673	21	667	656	343	52.29	0.0
WP_012655867	674	NZ_CP012120_SCCmec_00008	668	19	673	21	667	656	343	52.29	0.0
WP_012655867	674	NZ_CP012119_SCCmec_00008	668	19	673	21	667	656	343	52.29	0.0
WP_012655867	674	NZ_CP011685_SCCmec_00016	668	19	673	21	667	656	343	52.29	0.0
WP_012655867	674	NZ_CP011147_SCCmec_00007	668	19	673	21	667	656	343	52.29	0.0
WP_012655867	674	NZ_CP010998_SCCmec_00013	668	19	673	21	667	656	343	52.29	0.0
WP_012655867	674	NZ_CP010402_SCCmec_00009	668	19	673	21	667	656	343	52.29	0.0
WP_012655867	674	NZ_CP010300_SCCmec_00008	668	19	673	21	667	656	343	52.29	0.0
WP_012655867	674	NZ_CP010299_SCCmec_00008	668	19	673	21	667	656	343	52.29	0.0
WP_012655867	674	NZ_CP010298_SCCmec_00008	668	19	673	21	667	656	343	52.29	0.0
WP_012655867	674	NZ_CP010297_SCCmec_00008	668	19	673	21	667	656	343	52.29	0.0
WP_012655867	674	NZ_CP010296_SCCmec_00008	668	19	673	21	667	656	343	52.29	0.0
WP_012655867	674	NZ_CP010295_SCCmec_00008	668	19	673	21	667	656	343	52.29	0.0
WP_012655867	674	NZ_CP009423_SCCmec_00008	668	19	673	21	667	656	343	52.29	0.0
WP_012655867	674	NZ_CP007690_SCCmec_00008	668	19	673	21	667	656	343	52.29	0.0
WP_012655867	674	NZ_CP007676_SCCmec_00009	668	19	673	21	667	656	343	52.29	0.0
WP_012655867	674	NZ_CP007674_SCCmec_00013	668	19	673	21	667	656	343	52.29	0.0
WP_012655867	674	NZ_CP007672_SCCmec_00010	668	19	673	21	667	656	343	52.29	0.0
WP_012655867	674	NZ_CP007670_SCCmec_00009	668	19	673	21	667	656	343	52.29	0.0
WP_012655867	674	NZ_CP007657_SCCmec_00010	668	19	673	21	667	656	343	52.29	0.0
WP_012655867	674	NZ_CP007176_SCCmec_00008	668	19	673	21	667	656	343	52.29	0.0
WP_012655867	674	NZ_CP006630_SCCmec_00019	668	19	673	21	667	656	343	52.29	0.0
WP_012655867	674	NZ_AP017320_SCCmec_00014	668	19	673	21	667	656	343	52.29	0.0
WP_012655867	674	NZ_AP014653_SCCmec_00014	668	19	673	21	667	656	343	52.29	0.0
WP_012655867	674	NZ_AP014652_SCCmec_00014	668	19	673	21	667	656	343	52.29	0.0
WP_012655867	674	NC_022226_SCCmec_00014	668	19	673	21	667	656	343	52.29	0.0
WP_012655867	674	NC_021554_SCCmec_00014	668	19	673	21	667	656	343	52.29	0.0
WP_012655867	674	NC_021059_SCCmec_00044	668	19	673	21	667	656	343	52.29	0.0
WP_012655867	674	NC_020568_SCCmec_00007	668	19	673	21	667	656	343	52.29	0.0
WP_012655867	674	NC_020566_SCCmec_00007	668	19	673	21	667	656	343	52.29	0.0
WP_012655867	674	NC_020564_SCCmec_00007	668	19	673	21	667	656	343	52.29	0.0
WP_012655867	674	NC_020537_SCCmec_00007	668	19	673	21	667	656	343	52.29	0.0
WP_012655867	674	NC_020536_SCCmec_00007	668	19	673	21	667	656	343	52.29	0.0
WP_012655867	674	NC_020533_SCCmec_00007	668	19	673	21	667	656	343	52.29	0.0
WP_012655867	674	NC_020532_SCCmec_00007	668	19	673	21	667	656	343	52.29	0.0
WP_012655867	674	NC_020529_SCCmec_00007	668	19	673	21	667	656	343	52.29	0.0
WP_012655867	674	NC_017342_SCCmec_00009	668	19	673	21	667	656	343	52.29	0.0
WP_012655867	674	NC_017341_SCCmec_00017	668	19	673	21	667	656	343	52.29	0.0
WP_012655867	674	NC_017340_SCCmec_00014	668	19	673	21	667	656	343	52.29	0.0
WP_012655867	674	NC_017338_SCCmec_00009	668	19	673	21	667	656	343	52.29	0.0
WP_012655867	674	NC_010079_SCCmec_00008	668	19	673	21	667	656	343	52.29	0.0
WP_012655867	674	NC_009782_SCCmec_00016	668	19	673	21	667	656	343	52.29	0.0
WP_012655867	674	NC_009632_SCCmec_00007	668	19	673	21	667	656	343	52.29	0.0
WP_012655867	674	NC_009487_SCCmec_00007	668	19	673	21	667	656	343	52.29	0.0
WP_012655867	674	NC_007793_SCCmec_00008	668	19	673	21	667	656	343	52.29	0.0
WP_012655867	674	NC_003923_SCCmec_00009	668	19	673	21	667	656	343	52.29	0.0
WP_012655867	674	NC_002952_SCCmec_00016	668	19	673	21	667	656	343	52.29	0.0
WP_012655867	674	NC_002758_SCCmec_00016	668	19	673	21	667	656	343	52.29	0.0
WP_012655867	674	NC_002745_SCCmec_00016	668	19	673	21	667	656	343	52.29	0.0
WP_012655867	674	HF937103_SCCmec_00044	668	19	673	21	667	656	343	52.29	0.0
WP_012655867	674	HE579073_SCCmec_00007	668	19	673	21	667	656	343	52.29	0.0
WP_012655867	674	HE579071_SCCmec_00007	668	19	673	21	667	656	343	52.29	0.0
WP_012655867	674	HE579069_SCCmec_00007	668	19	673	21	667	656	343	52.29	0.0
WP_012655867	674	HE579067_SCCmec_00007	668	19	673	21	667	656	343	52.29	0.0
WP_012655867	674	HE579065_SCCmec_00007	668	19	673	21	667	656	343	52.29	0.0
WP_012655867	674	HE579063_SCCmec_00007	668	19	673	21	667	656	343	52.29	0.0
WP_012655867	674	HE579061_SCCmec_00007	668	19	673	21	667	656	343	52.29	0.0
WP_012655867	674	HE579059_SCCmec_00007	668	19	673	21	667	656	343	52.29	0.0
WP_012655867	674	FJ670542_SCCmec_00010	668	19	673	21	667	656	343	52.29	0.0
WP_012655867	674	CP020619_SCCmec_00008	668	19	673	21	667	656	343	52.29	0.0
WP_012655867	674	CP019590_SCCmec_00008	668	19	673	21	667	656	343	52.29	0.0
WP_012655867	674	CP019563_SCCmec_00014	668	19	673	21	667	656	343	52.29	0.0
WP_012655867	674	CP018768_SCCmec_00031	668	19	673	21	667	656	343	52.29	0.0
WP_012655867	674	CP018766_SCCmec_00044	668	19	673	21	667	656	343	52.29	0.0
WP_012655867	674	CP016861_SCCmec_00008	668	19	673	21	667	656	343	52.29	0.0
WP_012655867	674	CP016858_SCCmec_00008	668	19	673	21	667	656	343	52.29	0.0
WP_012655867	674	CP014444_SCCmec_00008	668	19	673	21	667	656	343	52.29	0.0
WP_012655867	674	CP014441_SCCmec_00008	668	19	673	21	667	656	343	52.29	0.0
WP_012655867	674	CP014438_SCCmec_00008	668	19	673	21	667	656	343	52.29	0.0
WP_012655867	674	CP014435_SCCmec_00008	668	19	673	21	667	656	343	52.29	0.0
WP_012655867	674	CP014432_SCCmec_00008	668	19	673	21	667	656	343	52.29	0.0
WP_012655867	674	CP014429_SCCmec_00008	668	19	673	21	667	656	343	52.29	0.0
WP_012655867	674	CP014426_SCCmec_00008	668	19	673	21	667	656	343	52.29	0.0
WP_012655867	674	CP014423_SCCmec_00008	668	19	673	21	667	656	343	52.29	0.0
WP_012655867	674	CP014420_SCCmec_00008	668	19	673	21	667	656	343	52.29	0.0
WP_012655867	674	CP014415_SCCmec_00008	668	19	673	21	667	656	343	52.29	0.0
WP_012655867	674	CP014412_SCCmec_00008	668	19	673	21	667	656	343	52.29	0.0
WP_012655867	674	CP014409_SCCmec_00008	668	19	673	21	667	656	343	52.29	0.0
WP_012655867	674	CP014407_SCCmec_00008	668	19	673	21	667	656	343	52.29	0.0
WP_012655867	674	CP014402_SCCmec_00008	668	19	673	21	667	656	343	52.29	0.0
WP_012655867	674	CP014397_SCCmec_00008	668	19	673	21	667	656	343	52.29	0.0
WP_012655867	674	CP014392_SCCmec_00008	668	19	673	21	667	656	343	52.29	0.0
WP_012655867	674	CP014387_SCCmec_00008	668	19	673	21	667	656	343	52.29	0.0
WP_012655867	674	CP014384_SCCmec_00008	668	19	673	21	667	656	343	52.29	0.0
WP_012655867	674	CP014381_SCCmec_00008	668	19	673	21	667	656	343	52.29	0.0
WP_012655867	674	CP014376_SCCmec_00008	668	19	673	21	667	656	343	52.29	0.0
WP_012655867	674	CP014371_SCCmec_00008	668	19	673	21	667	656	343	52.29	0.0
WP_012655867	674	CP014368_SCCmec_00008	668	19	673	21	667	656	343	52.29	0.0
WP_012655867	674	CP014365_SCCmec_00008	668	19	673	21	667	656	343	52.29	0.0
WP_012655867	674	CP014362_SCCmec_00008	668	19	673	21	667	656	343	52.29	0.0
WP_012655867	674	CP013955_SCCmec_00016	668	19	673	21	667	656	343	52.29	0.0
WP_012655867	674	CP013953_SCCmec_00016	668	19	673	21	667	656	343	52.29	0.0
WP_012655867	674	CP012120_SCCmec_00008	668	19	673	21	667	656	343	52.29	0.0
WP_012655867	674	CP012119_SCCmec_00008	668	19	673	21	667	656	343	52.29	0.0
WP_012655867	674	CP011685_SCCmec_00016	668	19	673	21	667	656	343	52.29	0.0
WP_012655867	674	CP011147_SCCmec_00007	668	19	673	21	667	656	343	52.29	0.0
WP_012655867	674	CP010998_SCCmec_00013	668	19	673	21	667	656	343	52.29	0.0
WP_012655867	674	CP010402_SCCmec_00009	668	19	673	21	667	656	343	52.29	0.0
WP_012655867	674	CP010300_SCCmec_00008	668	19	673	21	667	656	343	52.29	0.0
WP_012655867	674	CP010299_SCCmec_00008	668	19	673	21	667	656	343	52.29	0.0
WP_012655867	674	CP010298_SCCmec_00008	668	19	673	21	667	656	343	52.29	0.0
WP_012655867	674	CP010297_SCCmec_00008	668	19	673	21	667	656	343	52.29	0.0
WP_012655867	674	CP010296_SCCmec_00008	668	19	673	21	667	656	343	52.29	0.0
WP_012655867	674	CP010295_SCCmec_00008	668	19	673	21	667	656	343	52.29	0.0
WP_012655867	674	CP009423_SCCmec_00008	668	19	673	21	667	656	343	52.29	0.0
WP_012655867	674	CP007690_SCCmec_00008	668	19	673	21	667	656	343	52.29	0.0
WP_012655867	674	CP007676_SCCmec_00009	668	19	673	21	667	656	343	52.29	0.0
WP_012655867	674	CP007674_SCCmec_00013	668	19	673	21	667	656	343	52.29	0.0
WP_012655867	674	CP007672_SCCmec_00010	668	19	673	21	667	656	343	52.29	0.0
WP_012655867	674	CP007670_SCCmec_00009	668	19	673	21	667	656	343	52.29	0.0
WP_012655867	674	CP007657_SCCmec_00010	668	19	673	21	667	656	343	52.29	0.0
WP_012655867	674	CP007176_SCCmec_00008	668	19	673	21	667	656	343	52.29	0.0
WP_012655867	674	CP006630_SCCmec_00019	668	19	673	21	667	656	343	52.29	0.0
WP_012655867	674	CP006044_SCCmec_00014	668	19	673	21	667	656	343	52.29	0.0
WP_012655867	674	CP003979_SCCmec_00014	668	19	673	21	667	656	343	52.29	0.0
WP_012655867	674	CP002120_SCCmec_00017	668	19	673	21	667	656	343	52.29	0.0
WP_012655867	674	CP002114_SCCmec_00009	668	19	673	21	667	656	343	52.29	0.0
WP_012655867	674	CP002110_SCCmec_00009	668	19	673	21	667	656	343	52.29	0.0
WP_012655867	674	CP001844_SCCmec_00014	668	19	673	21	667	656	343	52.29	0.0
WP_012655867	674	CP000736_SCCmec_00007	668	19	673	21	667	656	343	52.29	0.0
WP_012655867	674	CP000730_SCCmec_00008	668	19	673	21	667	656	343	52.29	0.0
WP_012655867	674	CP000703_SCCmec_00007	668	19	673	21	667	656	343	52.29	0.0
WP_012655867	674	CP000255_SCCmec_00008	668	19	673	21	667	656	343	52.29	0.0
WP_012655867	674	BX571856_SCCmec_00016	668	19	673	21	667	656	343	52.29	0.0
WP_012655867	674	BA000033_SCCmec_00009	668	19	673	21	667	656	343	52.29	0.0
WP_012655867	674	BA000018_SCCmec_00016	668	19	673	21	667	656	343	52.29	0.0
WP_012655867	674	BA000017_SCCmec_00016	668	19	673	21	667	656	343	52.29	0.0
WP_012655867	674	AP017377_SCCmec_00009	668	19	673	21	667	656	343	52.29	0.0
WP_012655867	674	AP017320_SCCmec_00014	668	19	673	21	667	656	343	52.29	0.0
WP_012655867	674	AP014653_SCCmec_00014	668	19	673	21	667	656	343	52.29	0.0
WP_012655867	674	AP014652_SCCmec_00014	668	19	673	21	667	656	343	52.29	0.0
WP_012655867	674	AP009324_SCCmec_00016	668	19	673	21	667	656	343	52.29	0.0
WP_012655867	674	AB505628_SCCmec_00026	668	19	673	21	667	656	343	52.29	0.0
WP_012655867	674	NZ_CP012692_SCCmec_00008	668	19	673	21	667	656	342	52.13	0.0
WP_012655867	674	CP012692_SCCmec_00008	668	19	673	21	667	656	342	52.13	0.0
WP_012655867	674	NC_017349_SCCmec_00003	658	21	674	14	658	654	328	50.15	0.0
WP_012655867	674	FR821779_SCCmec_00003	658	21	674	14	658	654	328	50.15	0.0
WP_012655867	674	NZ_CP007539_SCCmec_00010	547	122	674	2	547	553	314	56.78	0.0
WP_012655867	674	CP007539_SCCmec_00010	547	122	674	2	547	553	314	56.78	0.0
WP_012655867	674	NZ_CP007539_SCCmec_00011	94	19	82	21	85	65	18	27.69	3.2
WP_012655867	674	CP007539_SCCmec_00011	94	19	82	21	85	65	18	27.69	3.2
CCC86795	665	NC_017349_SCCmec_00003	658	8	665	1	658	658	657	99.85	0.0
CCC86795	665	FR821779_SCCmec_00003	658	8	665	1	658	658	657	99.85	0.0
CCC86795	665	CP015447_SCCmec_00053	668	17	665	20	668	649	415	63.94	0.0
CCC86795	665	NZ_CP013957_SCCmec_00049	668	17	665	20	668	649	415	63.94	0.0
CCC86795	665	NZ_CP012018_SCCmec_00043	668	17	665	20	668	649	415	63.94	0.0
CCC86795	665	NZ_CP012015_SCCmec_00044	668	17	665	20	668	649	415	63.94	0.0
CCC86795	665	NZ_CP012013_SCCmec_00042	668	17	665	20	668	649	415	63.94	0.0
CCC86795	665	NZ_CP012012_SCCmec_00043	668	17	665	20	668	649	415	63.94	0.0
CCC86795	665	NZ_CP012011_SCCmec_00045	668	17	665	20	668	649	415	63.94	0.0
CCC86795	665	NZ_CP009681_SCCmec_00046	668	17	665	20	668	649	415	63.94	0.0
CCC86795	665	NC_022604_SCCmec_00050	668	17	665	20	668	649	415	63.94	0.0
CCC86795	665	NC_021670_SCCmec_00043	668	17	665	20	668	649	415	63.94	0.0
CCC86795	665	NC_017331_SCCmec_00052	668	17	665	20	668	649	415	63.94	0.0
CCC86795	665	FN433596_SCCmec_00052	668	17	665	20	668	649	415	63.94	0.0
CCC86795	665	CP013959_SCCmec_00049	668	17	665	20	668	649	415	63.94	0.0
CCC86795	665	CP013957_SCCmec_00049	668	17	665	20	668	649	415	63.94	0.0
CCC86795	665	CP012018_SCCmec_00043	668	17	665	20	668	649	415	63.94	0.0
CCC86795	665	CP012015_SCCmec_00044	668	17	665	20	668	649	415	63.94	0.0
CCC86795	665	CP012013_SCCmec_00042	668	17	665	20	668	649	415	63.94	0.0
CCC86795	665	CP012012_SCCmec_00043	668	17	665	20	668	649	415	63.94	0.0
CCC86795	665	CP012011_SCCmec_00045	668	17	665	20	668	649	415	63.94	0.0
CCC86795	665	CP009681_SCCmec_00046	668	17	665	20	668	649	415	63.94	0.0
CCC86795	665	CP007447_SCCmec_00020	668	17	665	20	668	649	415	63.94	0.0
CCC86795	665	CP006838_SCCmec_00050	668	17	665	20	668	649	415	63.94	0.0
CCC86795	665	CP005288_SCCmec_00043	668	17	665	20	668	649	415	63.94	0.0
CCC86795	665	NZ_CP012692_SCCmec_00008	668	17	665	20	668	649	415	63.94	0.0
CCC86795	665	CP012692_SCCmec_00008	668	17	665	20	668	649	415	63.94	0.0
CCC86795	665	NZ_CP013621_SCCmec_00009	668	17	665	20	668	649	414	63.79	0.0
CCC86795	665	NZ_CP013182_SCCmec_00009	668	17	665	20	668	649	414	63.79	0.0
CCC86795	665	NZ_CP007659_SCCmec_00009	668	17	665	20	668	649	414	63.79	0.0
CCC86795	665	NZ_CP007499_SCCmec_00010	668	17	665	20	668	649	414	63.79	0.0
CCC86795	665	NC_022443_SCCmec_00009	668	17	665	20	668	649	414	63.79	0.0
CCC86795	665	NC_020568_SCCmec_00007	668	17	665	20	668	649	414	63.79	0.0
CCC86795	665	NC_020566_SCCmec_00007	668	17	665	20	668	649	414	63.79	0.0
CCC86795	665	NC_020564_SCCmec_00007	668	17	665	20	668	649	414	63.79	0.0
CCC86795	665	NC_020537_SCCmec_00007	668	17	665	20	668	649	414	63.79	0.0
CCC86795	665	NC_020536_SCCmec_00007	668	17	665	20	668	649	414	63.79	0.0
CCC86795	665	NC_020533_SCCmec_00007	668	17	665	20	668	649	414	63.79	0.0
CCC86795	665	NC_020532_SCCmec_00007	668	17	665	20	668	649	414	63.79	0.0
CCC86795	665	NC_020529_SCCmec_00007	668	17	665	20	668	649	414	63.79	0.0
CCC86795	665	NC_017763_SCCmec_00009	668	17	665	20	668	649	414	63.79	0.0
CCC86795	665	NC_017351_SCCmec_00009	668	17	665	20	668	649	414	63.79	0.0
CCC86795	665	NC_002951_SCCmec_00010	668	17	665	20	668	649	414	63.79	0.0
CCC86795	665	HE681097_SCCmec_00009	668	17	665	20	668	649	414	63.79	0.0
CCC86795	665	HE579073_SCCmec_00007	668	17	665	20	668	649	414	63.79	0.0
CCC86795	665	HE579071_SCCmec_00007	668	17	665	20	668	649	414	63.79	0.0
CCC86795	665	HE579069_SCCmec_00007	668	17	665	20	668	649	414	63.79	0.0
CCC86795	665	HE579067_SCCmec_00007	668	17	665	20	668	649	414	63.79	0.0
CCC86795	665	HE579065_SCCmec_00007	668	17	665	20	668	649	414	63.79	0.0
CCC86795	665	HE579063_SCCmec_00007	668	17	665	20	668	649	414	63.79	0.0
CCC86795	665	HE579061_SCCmec_00007	668	17	665	20	668	649	414	63.79	0.0
CCC86795	665	HE579059_SCCmec_00007	668	17	665	20	668	649	414	63.79	0.0
CCC86795	665	CP013621_SCCmec_00009	668	17	665	20	668	649	414	63.79	0.0
CCC86795	665	CP013182_SCCmec_00009	668	17	665	20	668	649	414	63.79	0.0
CCC86795	665	CP007659_SCCmec_00009	668	17	665	20	668	649	414	63.79	0.0
CCC86795	665	CP007499_SCCmec_00010	668	17	665	20	668	649	414	63.79	0.0
CCC86795	665	CP003604_SCCmec_00009	668	17	665	20	668	649	414	63.79	0.0
CCC86795	665	CP003194_SCCmec_00009	668	17	665	20	668	649	414	63.79	0.0
CCC86795	665	CP000046_SCCmec_00010	668	17	665	20	668	649	414	63.79	0.0
CCC86795	665	AF411935_SCCmec_00008	668	17	665	20	668	649	414	63.79	0.0
CCC86795	665	AB505630_SCCmec_00009	668	17	665	20	668	649	414	63.79	0.0
CCC86795	665	AB373032_SCCmec_00028	668	17	665	20	668	649	414	63.79	0.0
CCC86795	665	NZ_CP019563_SCCmec_00014	668	17	665	20	668	649	414	63.79	0.0
CCC86795	665	NZ_CP018768_SCCmec_00031	668	17	665	20	668	649	414	63.79	0.0
CCC86795	665	NZ_CP018766_SCCmec_00044	668	17	665	20	668	649	414	63.79	0.0
CCC86795	665	NZ_CP014444_SCCmec_00008	668	17	665	20	668	649	414	63.79	0.0
CCC86795	665	NZ_CP014441_SCCmec_00008	668	17	665	20	668	649	414	63.79	0.0
CCC86795	665	NZ_CP014438_SCCmec_00008	668	17	665	20	668	649	414	63.79	0.0
CCC86795	665	NZ_CP014435_SCCmec_00008	668	17	665	20	668	649	414	63.79	0.0
CCC86795	665	NZ_CP014432_SCCmec_00008	668	17	665	20	668	649	414	63.79	0.0
CCC86795	665	NZ_CP014429_SCCmec_00008	668	17	665	20	668	649	414	63.79	0.0
CCC86795	665	NZ_CP014426_SCCmec_00008	668	17	665	20	668	649	414	63.79	0.0
CCC86795	665	NZ_CP014423_SCCmec_00008	668	17	665	20	668	649	414	63.79	0.0
CCC86795	665	NZ_CP014420_SCCmec_00008	668	17	665	20	668	649	414	63.79	0.0
CCC86795	665	NZ_CP014415_SCCmec_00008	668	17	665	20	668	649	414	63.79	0.0
CCC86795	665	NZ_CP014412_SCCmec_00008	668	17	665	20	668	649	414	63.79	0.0
CCC86795	665	NZ_CP014409_SCCmec_00008	668	17	665	20	668	649	414	63.79	0.0
CCC86795	665	NZ_CP014407_SCCmec_00008	668	17	665	20	668	649	414	63.79	0.0
CCC86795	665	NZ_CP014402_SCCmec_00008	668	17	665	20	668	649	414	63.79	0.0
CCC86795	665	NZ_CP014397_SCCmec_00008	668	17	665	20	668	649	414	63.79	0.0
CCC86795	665	NZ_CP014392_SCCmec_00008	668	17	665	20	668	649	414	63.79	0.0
CCC86795	665	NZ_CP013955_SCCmec_00016	668	17	665	20	668	649	414	63.79	0.0
CCC86795	665	NZ_CP013953_SCCmec_00016	668	17	665	20	668	649	414	63.79	0.0
CCC86795	665	NZ_CP012120_SCCmec_00008	668	17	665	20	668	649	414	63.79	0.0
CCC86795	665	NZ_CP012119_SCCmec_00008	668	17	665	20	668	649	414	63.79	0.0
CCC86795	665	NZ_CP011685_SCCmec_00016	668	17	665	20	668	649	414	63.79	0.0
CCC86795	665	NZ_CP011147_SCCmec_00007	668	17	665	20	668	649	414	63.79	0.0
CCC86795	665	NZ_CP010998_SCCmec_00013	668	17	665	20	668	649	414	63.79	0.0
CCC86795	665	NZ_CP010300_SCCmec_00008	668	17	665	20	668	649	414	63.79	0.0
CCC86795	665	NZ_CP010299_SCCmec_00008	668	17	665	20	668	649	414	63.79	0.0
CCC86795	665	NZ_CP010298_SCCmec_00008	668	17	665	20	668	649	414	63.79	0.0
CCC86795	665	NZ_CP010297_SCCmec_00008	668	17	665	20	668	649	414	63.79	0.0
CCC86795	665	NZ_CP010296_SCCmec_00008	668	17	665	20	668	649	414	63.79	0.0
CCC86795	665	NZ_CP010295_SCCmec_00008	668	17	665	20	668	649	414	63.79	0.0
CCC86795	665	NZ_CP009423_SCCmec_00008	668	17	665	20	668	649	414	63.79	0.0
CCC86795	665	NZ_CP007690_SCCmec_00008	668	17	665	20	668	649	414	63.79	0.0
CCC86795	665	NZ_CP007676_SCCmec_00009	668	17	665	20	668	649	414	63.79	0.0
CCC86795	665	NZ_CP007674_SCCmec_00013	668	17	665	20	668	649	414	63.79	0.0
CCC86795	665	NZ_CP007672_SCCmec_00010	668	17	665	20	668	649	414	63.79	0.0
CCC86795	665	NZ_CP007670_SCCmec_00009	668	17	665	20	668	649	414	63.79	0.0
CCC86795	665	NZ_CP007657_SCCmec_00010	668	17	665	20	668	649	414	63.79	0.0
CCC86795	665	NZ_CP007176_SCCmec_00008	668	17	665	20	668	649	414	63.79	0.0
CCC86795	665	NZ_CP006630_SCCmec_00019	668	17	665	20	668	649	414	63.79	0.0
CCC86795	665	NZ_AP017320_SCCmec_00014	668	17	665	20	668	649	414	63.79	0.0
CCC86795	665	NZ_AP014653_SCCmec_00014	668	17	665	20	668	649	414	63.79	0.0
CCC86795	665	NZ_AP014652_SCCmec_00014	668	17	665	20	668	649	414	63.79	0.0
CCC86795	665	NC_022226_SCCmec_00014	668	17	665	20	668	649	414	63.79	0.0
CCC86795	665	NC_021554_SCCmec_00014	668	17	665	20	668	649	414	63.79	0.0
CCC86795	665	NC_021059_SCCmec_00044	668	17	665	20	668	649	414	63.79	0.0
CCC86795	665	NC_017342_SCCmec_00009	668	17	665	20	668	649	414	63.79	0.0
CCC86795	665	NC_017341_SCCmec_00017	668	17	665	20	668	649	414	63.79	0.0
CCC86795	665	NC_017340_SCCmec_00014	668	17	665	20	668	649	414	63.79	0.0
CCC86795	665	NC_017338_SCCmec_00009	668	17	665	20	668	649	414	63.79	0.0
CCC86795	665	NC_010079_SCCmec_00008	668	17	665	20	668	649	414	63.79	0.0
CCC86795	665	NC_009782_SCCmec_00016	668	17	665	20	668	649	414	63.79	0.0
CCC86795	665	NC_009632_SCCmec_00007	668	17	665	20	668	649	414	63.79	0.0
CCC86795	665	NC_009487_SCCmec_00007	668	17	665	20	668	649	414	63.79	0.0
CCC86795	665	NC_007793_SCCmec_00008	668	17	665	20	668	649	414	63.79	0.0
CCC86795	665	NC_003923_SCCmec_00009	668	17	665	20	668	649	414	63.79	0.0
CCC86795	665	NC_002952_SCCmec_00016	668	17	665	20	668	649	414	63.79	0.0
CCC86795	665	NC_002758_SCCmec_00016	668	17	665	20	668	649	414	63.79	0.0
CCC86795	665	NC_002745_SCCmec_00016	668	17	665	20	668	649	414	63.79	0.0
CCC86795	665	HF937103_SCCmec_00044	668	17	665	20	668	649	414	63.79	0.0
CCC86795	665	FJ670542_SCCmec_00010	668	17	665	20	668	649	414	63.79	0.0
CCC86795	665	CP020619_SCCmec_00008	668	17	665	20	668	649	414	63.79	0.0
CCC86795	665	CP019590_SCCmec_00008	668	17	665	20	668	649	414	63.79	0.0
CCC86795	665	CP019563_SCCmec_00014	668	17	665	20	668	649	414	63.79	0.0
CCC86795	665	CP018768_SCCmec_00031	668	17	665	20	668	649	414	63.79	0.0
CCC86795	665	CP018766_SCCmec_00044	668	17	665	20	668	649	414	63.79	0.0
CCC86795	665	CP016861_SCCmec_00008	668	17	665	20	668	649	414	63.79	0.0
CCC86795	665	CP016858_SCCmec_00008	668	17	665	20	668	649	414	63.79	0.0
CCC86795	665	CP014444_SCCmec_00008	668	17	665	20	668	649	414	63.79	0.0
CCC86795	665	CP014441_SCCmec_00008	668	17	665	20	668	649	414	63.79	0.0
CCC86795	665	CP014438_SCCmec_00008	668	17	665	20	668	649	414	63.79	0.0
CCC86795	665	CP014435_SCCmec_00008	668	17	665	20	668	649	414	63.79	0.0
CCC86795	665	CP014432_SCCmec_00008	668	17	665	20	668	649	414	63.79	0.0
CCC86795	665	CP014429_SCCmec_00008	668	17	665	20	668	649	414	63.79	0.0
CCC86795	665	CP014426_SCCmec_00008	668	17	665	20	668	649	414	63.79	0.0
CCC86795	665	CP014423_SCCmec_00008	668	17	665	20	668	649	414	63.79	0.0
CCC86795	665	CP014420_SCCmec_00008	668	17	665	20	668	649	414	63.79	0.0
CCC86795	665	CP014415_SCCmec_00008	668	17	665	20	668	649	414	63.79	0.0
CCC86795	665	CP014412_SCCmec_00008	668	17	665	20	668	649	414	63.79	0.0
CCC86795	665	CP014409_SCCmec_00008	668	17	665	20	668	649	414	63.79	0.0
CCC86795	665	CP014407_SCCmec_00008	668	17	665	20	668	649	414	63.79	0.0
CCC86795	665	CP014402_SCCmec_00008	668	17	665	20	668	649	414	63.79	0.0
CCC86795	665	CP014397_SCCmec_00008	668	17	665	20	668	649	414	63.79	0.0
CCC86795	665	CP014392_SCCmec_00008	668	17	665	20	668	649	414	63.79	0.0
CCC86795	665	CP014387_SCCmec_00008	668	17	665	20	668	649	414	63.79	0.0
CCC86795	665	CP014384_SCCmec_00008	668	17	665	20	668	649	414	63.79	0.0
CCC86795	665	CP014381_SCCmec_00008	668	17	665	20	668	649	414	63.79	0.0
CCC86795	665	CP014376_SCCmec_00008	668	17	665	20	668	649	414	63.79	0.0
CCC86795	665	CP014371_SCCmec_00008	668	17	665	20	668	649	414	63.79	0.0
CCC86795	665	CP014368_SCCmec_00008	668	17	665	20	668	649	414	63.79	0.0
CCC86795	665	CP014365_SCCmec_00008	668	17	665	20	668	649	414	63.79	0.0
CCC86795	665	CP014362_SCCmec_00008	668	17	665	20	668	649	414	63.79	0.0
CCC86795	665	CP013955_SCCmec_00016	668	17	665	20	668	649	414	63.79	0.0
CCC86795	665	CP013953_SCCmec_00016	668	17	665	20	668	649	414	63.79	0.0
CCC86795	665	CP012120_SCCmec_00008	668	17	665	20	668	649	414	63.79	0.0
CCC86795	665	CP012119_SCCmec_00008	668	17	665	20	668	649	414	63.79	0.0
CCC86795	665	CP011685_SCCmec_00016	668	17	665	20	668	649	414	63.79	0.0
CCC86795	665	CP011147_SCCmec_00007	668	17	665	20	668	649	414	63.79	0.0
CCC86795	665	CP010998_SCCmec_00013	668	17	665	20	668	649	414	63.79	0.0
CCC86795	665	CP010300_SCCmec_00008	668	17	665	20	668	649	414	63.79	0.0
CCC86795	665	CP010299_SCCmec_00008	668	17	665	20	668	649	414	63.79	0.0
CCC86795	665	CP010298_SCCmec_00008	668	17	665	20	668	649	414	63.79	0.0
CCC86795	665	CP010297_SCCmec_00008	668	17	665	20	668	649	414	63.79	0.0
CCC86795	665	CP010296_SCCmec_00008	668	17	665	20	668	649	414	63.79	0.0
CCC86795	665	CP010295_SCCmec_00008	668	17	665	20	668	649	414	63.79	0.0
CCC86795	665	CP009423_SCCmec_00008	668	17	665	20	668	649	414	63.79	0.0
CCC86795	665	CP007690_SCCmec_00008	668	17	665	20	668	649	414	63.79	0.0
CCC86795	665	CP007676_SCCmec_00009	668	17	665	20	668	649	414	63.79	0.0
CCC86795	665	CP007674_SCCmec_00013	668	17	665	20	668	649	414	63.79	0.0
CCC86795	665	CP007672_SCCmec_00010	668	17	665	20	668	649	414	63.79	0.0
CCC86795	665	CP007670_SCCmec_00009	668	17	665	20	668	649	414	63.79	0.0
CCC86795	665	CP007657_SCCmec_00010	668	17	665	20	668	649	414	63.79	0.0
CCC86795	665	CP007176_SCCmec_00008	668	17	665	20	668	649	414	63.79	0.0
CCC86795	665	CP006630_SCCmec_00019	668	17	665	20	668	649	414	63.79	0.0
CCC86795	665	CP006044_SCCmec_00014	668	17	665	20	668	649	414	63.79	0.0
CCC86795	665	CP003979_SCCmec_00014	668	17	665	20	668	649	414	63.79	0.0
CCC86795	665	CP002120_SCCmec_00017	668	17	665	20	668	649	414	63.79	0.0
CCC86795	665	CP002114_SCCmec_00009	668	17	665	20	668	649	414	63.79	0.0
CCC86795	665	CP002110_SCCmec_00009	668	17	665	20	668	649	414	63.79	0.0
CCC86795	665	CP001844_SCCmec_00014	668	17	665	20	668	649	414	63.79	0.0
CCC86795	665	CP000736_SCCmec_00007	668	17	665	20	668	649	414	63.79	0.0
CCC86795	665	CP000730_SCCmec_00008	668	17	665	20	668	649	414	63.79	0.0
CCC86795	665	CP000703_SCCmec_00007	668	17	665	20	668	649	414	63.79	0.0
CCC86795	665	CP000255_SCCmec_00008	668	17	665	20	668	649	414	63.79	0.0
CCC86795	665	BX571856_SCCmec_00016	668	17	665	20	668	649	414	63.79	0.0
CCC86795	665	BA000033_SCCmec_00009	668	17	665	20	668	649	414	63.79	0.0
CCC86795	665	BA000018_SCCmec_00016	668	17	665	20	668	649	414	63.79	0.0
CCC86795	665	BA000017_SCCmec_00016	668	17	665	20	668	649	414	63.79	0.0
CCC86795	665	AP017377_SCCmec_00009	668	17	665	20	668	649	414	63.79	0.0
CCC86795	665	AP017320_SCCmec_00014	668	17	665	20	668	649	414	63.79	0.0
CCC86795	665	AP014653_SCCmec_00014	668	17	665	20	668	649	414	63.79	0.0
CCC86795	665	AP014652_SCCmec_00014	668	17	665	20	668	649	414	63.79	0.0
CCC86795	665	AP009324_SCCmec_00016	668	17	665	20	668	649	414	63.79	0.0
CCC86795	665	AB505628_SCCmec_00026	668	17	665	20	668	649	414	63.79	0.0
CCC86795	665	NZ_CP020019_SCCmec_00018	668	17	665	20	668	649	414	63.79	0.0
CCC86795	665	NZ_CP019945_SCCmec_00049	668	17	665	20	668	649	414	63.79	0.0
CCC86795	665	NZ_CP015173_SCCmec_00018	668	17	665	20	668	649	414	63.79	0.0
CCC86795	665	NZ_CP013619_SCCmec_00018	668	17	665	20	668	649	414	63.79	0.0
CCC86795	665	NZ_CP013616_SCCmec_00017	668	17	665	20	668	649	414	63.79	0.0
CCC86795	665	NZ_CP013218_SCCmec_00018	668	17	665	20	668	649	414	63.79	0.0
CCC86795	665	NZ_CP012756_SCCmec_00011	668	17	665	20	668	649	414	63.79	0.0
CCC86795	665	NZ_CP010526_SCCmec_00004	668	17	665	20	668	649	414	63.79	0.0
CCC86795	665	NZ_CP009828_SCCmec_00018	668	17	665	20	668	649	414	63.79	0.0
CCC86795	665	NC_022442_SCCmec_00018	668	17	665	20	668	649	414	63.79	0.0
CCC86795	665	NC_018608_SCCmec_00010	668	17	665	20	668	649	414	63.79	0.0
CCC86795	665	NC_017333_SCCmec_00018	668	17	665	20	668	649	414	63.79	0.0
CCC86795	665	NC_016928_SCCmec_00019	668	17	665	20	668	649	414	63.79	0.0
CCC86795	665	CP020019_SCCmec_00018	668	17	665	20	668	649	414	63.79	0.0
CCC86795	665	CP019945_SCCmec_00049	668	17	665	20	668	649	414	63.79	0.0
CCC86795	665	CP019592_SCCmec_00036	668	17	665	20	668	649	414	63.79	0.0
CCC86795	665	CP019592_SCCmec_00018	668	17	665	20	668	649	414	63.79	0.0
CCC86795	665	CP015173_SCCmec_00018	668	17	665	20	668	649	414	63.79	0.0
CCC86795	665	CP013619_SCCmec_00018	668	17	665	20	668	649	414	63.79	0.0
CCC86795	665	CP013616_SCCmec_00017	668	17	665	20	668	649	414	63.79	0.0
CCC86795	665	CP013218_SCCmec_00018	668	17	665	20	668	649	414	63.79	0.0
CCC86795	665	CP012756_SCCmec_00011	668	17	665	20	668	649	414	63.79	0.0
CCC86795	665	CP010526_SCCmec_00004	668	17	665	20	668	649	414	63.79	0.0
CCC86795	665	CP009828_SCCmec_00018	668	17	665	20	668	649	414	63.79	0.0
CCC86795	665	CP003808_SCCmec_00010	668	17	665	20	668	649	414	63.79	0.0
CCC86795	665	CP003603_SCCmec_00018	668	17	665	20	668	649	414	63.79	0.0
CCC86795	665	CP003166_SCCmec_00019	668	17	665	20	668	649	414	63.79	0.0
CCC86795	665	AM990992_SCCmec_00018	668	17	665	20	668	649	414	63.79	0.0
CCC86795	665	AB512767_SCCmec_00018	668	17	665	20	668	649	414	63.79	0.0
CCC86795	665	NZ_CP010402_SCCmec_00009	668	17	665	20	668	649	414	63.79	0.0
CCC86795	665	CP010402_SCCmec_00009	668	17	665	20	668	649	414	63.79	0.0
CCC86795	665	NZ_CP007539_SCCmec_00010	547	120	665	2	547	546	367	67.22	0.0
CCC86795	665	CP007539_SCCmec_00010	547	120	665	2	547	546	367	67.22	0.0
CCC86795	665	NZ_CP007539_SCCmec_00011	94	17	84	20	87	68	29	42.65	2e-06
CCC86795	665	CP007539_SCCmec_00011	94	17	84	20	87	68	29	42.65	2e-06
CCC86795	665	NC_017349_SCCmec_00030	429	314	369	86	141	59	16	27.12	0.60
CCC86795	665	FR821779_SCCmec_00030	429	314	369	86	141	59	16	27.12	0.60
CCC86795	665	NC_009632_SCCmec_00039	558	202	271	384	453	70	17	24.29	1.2
CCC86795	665	NC_009487_SCCmec_00039	558	202	271	384	453	70	17	24.29	1.2
CCC86795	665	CP000736_SCCmec_00039	558	202	271	384	453	70	17	24.29	1.2
CCC86795	665	CP000703_SCCmec_00039	558	202	271	384	453	70	17	24.29	1.2
CCC86795	665	NZ_CP018768_SCCmec_00063	558	202	271	384	453	70	17	24.29	1.2
CCC86795	665	NZ_CP018766_SCCmec_00075	558	202	271	384	453	70	17	24.29	1.2
CCC86795	665	NZ_CP013955_SCCmec_00049	558	202	271	384	453	70	17	24.29	1.2
CCC86795	665	NZ_CP013953_SCCmec_00049	558	202	271	384	453	70	17	24.29	1.2
CCC86795	665	NZ_CP012692_SCCmec_00042	558	202	271	384	453	70	17	24.29	1.2
CCC86795	665	NZ_CP011685_SCCmec_00048	558	202	271	384	453	70	17	24.29	1.2
CCC86795	665	NZ_CP011147_SCCmec_00039	558	202	271	384	453	70	17	24.29	1.2
CCC86795	665	NZ_AP017320_SCCmec_00046	558	202	271	384	453	70	17	24.29	1.2
CCC86795	665	NC_021554_SCCmec_00046	558	202	271	384	453	70	17	24.29	1.2
CCC86795	665	NC_009782_SCCmec_00048	558	202	271	384	453	70	17	24.29	1.2
CCC86795	665	NC_002952_SCCmec_00048	558	202	271	384	453	70	17	24.29	1.2
CCC86795	665	NC_002758_SCCmec_00048	558	202	271	384	453	70	17	24.29	1.2
CCC86795	665	NC_002745_SCCmec_00048	558	202	271	384	453	70	17	24.29	1.2
CCC86795	665	CP018768_SCCmec_00063	558	202	271	384	453	70	17	24.29	1.2
CCC86795	665	CP018766_SCCmec_00075	558	202	271	384	453	70	17	24.29	1.2
CCC86795	665	CP013955_SCCmec_00049	558	202	271	384	453	70	17	24.29	1.2
CCC86795	665	CP013953_SCCmec_00049	558	202	271	384	453	70	17	24.29	1.2
CCC86795	665	CP012692_SCCmec_00042	558	202	271	384	453	70	17	24.29	1.2
CCC86795	665	CP011685_SCCmec_00048	558	202	271	384	453	70	17	24.29	1.2
CCC86795	665	CP011147_SCCmec_00039	558	202	271	384	453	70	17	24.29	1.2
CCC86795	665	CP006044_SCCmec_00046	558	202	271	384	453	70	17	24.29	1.2
CCC86795	665	BX571856_SCCmec_00048	558	202	271	384	453	70	17	24.29	1.2
CCC86795	665	BA000018_SCCmec_00048	558	202	271	384	453	70	17	24.29	1.2
CCC86795	665	BA000017_SCCmec_00048	558	202	271	384	453	70	17	24.29	1.2
CCC86795	665	AP017320_SCCmec_00046	558	202	271	384	453	70	17	24.29	1.2
CCC86795	665	AP009324_SCCmec_00048	558	202	271	384	453	70	17	24.29	1.2
CCC86795	665	NC_017340_SCCmec_00046	558	202	271	384	453	70	17	24.29	2.3
CCC86795	665	CP001844_SCCmec_00046	558	202	271	384	453	70	17	24.29	2.3
